Run,Messages,Loss,Corruption,Time_bw_messages,Application_A,Transport_A,Transport_B,Application_B,Total_time,Throughput
1,1000,0.2,0.2,50.0,1000,14635,8383,70,48299.535156,0.001449
2,1000,0.2,0.2,50.0,1000,10472,7536,283,50071.191406,0.005652
3,1000,0.2,0.2,50.0,1000,9086,7250,287,50040.160156,0.005735
4,1000,0.2,0.2,50.0,1000,5042,4100,49,51033.875000,0.000960
5,1000,0.2,0.2,50.0,1000,9840,6604,461,50685.304688,0.009095
6,1000,0.2,0.2,50.0,1000,3025,2415,400,51192.414062,0.007814
7,1000,0.2,0.2,50.0,1000,14924,8549,87,49871.757812,0.001744
8,1000,0.2,0.2,50.0,1000,14021,8096,123,48463.222656,0.002538
9,1000,0.2,0.2,50.0,1000,1152,921,206,48343.863281,0.004261
10,1000,0.2,0.2,50.0,1000,14154,8865,18,49603.000000,0.000363
Run,Messages,Loss,Corruption,Time_bw_messages,Application_A,Transport_A,Transport_B,Application_B,Total_time,Throughput
